4.13459 0.095 3.50098 0.093 3.44347 0.092 
3.42172 0.087 3.07281 0.087 3.1234 0.088 
2.44754 0.093 1.93273 0.091 1.8807 0.091 
4.6771 0.089 4.17737 0.084 4.09494 0.085 
4.69749 0.111 4.35099 0.108 4.37215 0.107 
3.54822 0.092 3.11311 0.087 3.03754 0.088 
6.13674 0.092 5.76839 0.09 5.72314 0.089 
3.79441 0.093 3.3583 0.088 3.34118 0.089 
3.83764 0.09 3.15654 0.088 3.11017 0.089 
4.30946 0.11 3.67093 0.105 3.57407 0.105 
4.46421 0.096 3.89304 0.092 3.8532 0.092 
4.38734 0.109 3.73514 0.104 3.64608 0.105 
3.73469 0.097 3.43174 0.095 3.30228 0.096 
2.84866 0.085 2.32705 0.083 2.32474 0.084 
3.52028 0.087 3.36424 0.086 3.40629 0.087 
4.02391 0.091 3.52539 0.093 3.49131 0.091 
3.86275 0.103 3.57149 0.101 3.48929 0.103 
3.4206 0.104 2.8898 0.1 2.82192 0.099 
4.27191 0.118 3.49097 0.099 3.47058 0.094 
3.50827 0.093 3.09448 0.092 3.13602 0.089 
2.54099 0.097 1.883 0.095 1.88783 0.092 
4.76165 0.093 4.21737 0.091 4.13548 0.086 
4.7673 0.117 4.53707 0.115 4.3707 0.108 
3.60096 0.11 3.10557 0.091 3.04846 0.089 
6.22353 0.095 5.81674 0.094 5.75852 0.094 
3.86634 0.097 3.43329 0.094 3.34418 0.091 
3.94337 0.098 3.12116 0.095 3.11373 0.092 
4.36353 0.114 3.64529 0.11 3.59731 0.106 
4.54578 0.101 3.89 0.1 3.86492 0.094 
4.39873 0.114 3.71748 0.112 3.66021 0.106 
3.79418 0.103 3.47191 0.116 3.34419 0.097 
2.86917 0.087 2.36257 0.086 2.32089 0.083 
3.5885 0.093 3.41829 0.092 3.39308 0.089 
4.06306 0.097 3.68571 0.095 3.48433 0.09 
3.91836 0.108 3.57382 0.108 3.4901 0.106 
3.45149 0.107 2.89015 0.104 2.78118 0.1 
0.12 0.117 0.116 0.118 0.121 0.116 0.118 0.119 0.117 0.118 0.118 0.117 0.12 0.119 0.117 0.119 0.114 0.116 0.118 0.117 0.119 0.125 0.121 0.12 0.119 0.118 0.117 0.118 0.12 0.117 0.121 0.116 0.116 0.118 0.123 0.119 0.088 1.689 1.679 1.679 4.27191 0.103 3.49097 0.098 3.47058 0.094 
3.50827 0.093 3.09448 0.091 3.13602 0.089 
2.54099 0.095 1.883 0.095 1.88783 0.091 
4.76165 0.092 4.21737 0.091 4.13548 0.086 
4.7673 0.117 4.53707 0.114 4.3707 0.109 
3.60096 0.093 3.10557 0.091 3.04846 0.088 
6.22353 0.094 5.81674 0.094 5.75852 0.093 
3.86634 0.094 3.43329 0.095 3.34418 0.089 
3.94337 0.097 3.12116 0.094 3.11373 0.089 
4.36353 0.112 3.64529 0.109 3.59731 0.106 
4.54578 0.101 3.89 0.097 3.86492 0.094 
4.39873 0.113 3.71748 0.109 3.66021 0.105 
3.79418 0.103 3.47191 0.101 3.34419 0.096 
2.86917 0.086 2.36257 0.085 2.32089 0.082 
3.5885 0.091 3.41829 0.091 3.39308 0.088 
4.06306 0.097 3.68571 0.095 3.48433 0.089 
3.91836 0.107 3.57382 0.106 3.4901 0.102 
3.45149 0.107 2.89015 0.103 2.78118 0.099 
4.27191 0.099 3.49097 0.096 3.47058 0.092 
3.50827 0.091 3.09448 0.092 3.13602 0.087 
2.54099 0.094 1.883 0.094 1.88783 0.09 
4.76165 0.091 4.21737 0.088 4.13548 0.084 
4.7673 0.114 4.53707 0.113 4.3707 0.107 
3.60096 0.091 3.10557 0.09 3.04846 0.087 
6.22353 0.095 5.81674 0.094 5.75852 0.091 
3.86634 0.094 3.43329 0.092 3.34418 0.089 
3.94337 0.096 3.12116 0.092 3.11373 0.089 
4.36353 0.112 3.64529 0.108 3.59731 0.119 
4.54578 0.099 3.89 0.097 3.86492 0.093 
4.39873 0.112 3.71748 0.108 3.66021 0.104 
3.79418 0.101 3.47191 0.099 3.34419 0.094 
2.86917 0.086 2.36257 0.084 2.32089 0.081 
3.5885 0.09 3.41829 0.09 3.39308 0.087 
4.06306 0.095 3.68571 0.094 3.48433 0.089 
3.91836 0.106 3.57382 0.106 3.4901 0.101 
3.45149 0.105 2.89015 0.103 2.78118 0.098 
1.701 1.666 1.679 1.684 1.731 1.697 1.707 4.27191 0.124 3.49097 0.097 3.47058 0.093 
3.50827 0.091 3.09448 0.092 3.13602 0.089 
2.54099 0.095 1.883 0.095 1.88783 0.091 
4.76165 0.092 4.21737 0.089 4.13548 0.086 
4.7673 0.116 4.53707 0.113 4.3707 0.107 
3.60096 0.093 3.10557 0.091 3.04846 0.088 
6.22353 0.095 5.81674 0.093 5.75852 0.092 
3.86634 0.094 3.43329 0.093 3.34418 0.09 
3.94337 0.096 3.12116 0.094 3.11373 0.09 
4.36353 0.113 3.64529 0.108 3.59731 0.105 
4.54578 0.101 3.89 0.096 3.86492 0.094 
4.39873 0.113 3.71748 0.11 3.66021 0.105 
3.79418 0.1 3.47191 0.1 3.34419 0.096 
2.86917 0.086 2.36257 0.085 2.32089 0.082 
3.5885 0.091 3.41829 0.091 3.39308 0.088 
4.06306 0.096 3.68571 0.094 3.48433 0.09 
3.91836 0.107 3.57382 0.106 3.4901 0.102 
3.45149 0.105 2.89015 0.105 2.78118 0.1 
0.118 0.117 0.117 0.116 0.123 0.125 0.116 0.121 0.122 0.116 0.123 0.124 0.116 0.091 0.119 0.095 0.117 0.122 0.123 0.116 0.123 0.124 0.116 0.124 0.123 4.27191 0.1 3.49097 0.096 3.47058 0.092 
3.50827 0.091 3.09448 0.09 3.13602 0.085 
2.54099 0.096 1.883 0.093 1.88783 0.092 
4.27191 0.101 3.49097 0.097 3.47058 0.092 
3.50827 0.09 3.09448 0.089 3.13602 0.087 
