4.13459 0.093 0.119 3.50098 0.09 0.107 3.44347 0.09 0.106 
3.42172 0.085 0.105 3.07281 0.084 0.102 3.1234 0.084 0.102 
2.44754 0.093 0.108 1.93273 0.089 0.105 1.8807 0.089 0.103 
4.6771 0.085 0.102 4.17737 0.082 0.1 4.09494 0.082 0.1 
4.69749 0.108 0.128 4.35099 0.104 0.125 4.37215 0.105 0.126 
3.54822 0.089 0.104 3.11311 0.086 0.104 3.03754 0.086 0.103 
6.13674 0.093 0.108 5.76839 0.09 0.104 5.72315 0.089 0.104 
3.79441 0.092 0.108 3.3583 0.088 0.105 3.34118 0.089 0.105 
3.83764 0.09 0.107 3.15654 0.086 0.103 3.11017 0.087 0.102 
4.30946 0.107 0.127 3.67093 0.102 0.122 3.57407 0.103 0.123 
4.46421 0.095 0.113 3.89304 0.09 0.109 3.8532 0.091 0.108 
4.38734 0.144 0.126 3.73514 0.102 0.124 3.64608 0.102 0.121 
3.73469 0.095 0.113 3.43174 0.093 0.113 3.30229 0.093 0.113 
2.84866 0.085 0.099 2.32705 0.081 0.095 2.32474 0.081 0.096 
3.52028 0.087 0.102 3.36424 0.085 0.101 3.40629 0.086 0.102 
4.02391 0.094 0.107 3.52539 0.09 0.106 3.49132 0.088 0.105 
3.86273 0.102 0.122 3.57149 0.098 0.122 3.48929 0.101 0.119 
3.4206 0.102 0.119 2.8898 0.096 0.115 2.82192 0.096 0.114 
